21
53
1 15 5 1
2 15 10 1
2 17 6 1
3 11 5 1
3 12 11 1
3 15 6 1
3 17 6 1
3 18 0 1
3 20 6 1
4 11 6 1
4 12 14 1
4 15 4 1
4 16 8 1
4 17 8 1
4 18 8 1
4 20 11 1
6 15 6 1
6 17 5 1
7 15 4 1
8 15 6 1
9 11 0 1
9 12 13 1
9 13 5 1
9 15 5 1
9 16 10 1
9 17 7 1
9 18 5 1
9 20 7 1
10 11 7 1
10 12 4 1
10 15 7 1
10 17 5 1
10 18 6 1
21 11 1 1
21 12 15 1
21 13 2 1
21 14 4 1
21 15 6 1
21 16 11 1
21 17 9 1
21 18 9 1
21 19 9 1
21 20 10 1
1 21 2 1
2 21 16 1
3 21 3 1
4 21 5 1
5 21 7 1
6 21 12 1
7 21 10 1
8 21 10 1
9 21 10 1
10 21 11 1
1
1
1
1
1
1
1
1
1
1
-1
-1
-1
-1
-1
-1
-1
-1
-1
-1
0
